50
a
40055
999 273 370 299 951 
a
19631
645 389 421 827 93 
a
48596
777 906 476 628 244 
a
94579
288 160 366 699 954 
a
16151
891 817 335 214 389 
a
41755
787 884 377 580 662 
a
85262
861 892 172 782 745 
a
75240
179 350 575 291 681 
a
60407
407 849 241 687 963 
a
45111
796 370 248 120 528 
a
91563
34 194 870 835 916 
a
45120
33 855 329 63 271 
a
46627
264 89 942 322 36 
a
30257
607 158 77 882 496 
a
92560
803 932 314 4 23 
a
18889
298 410 728 526 266 
a
93552
708 943 52 789 63 
a
18451
654 651 265 225 259 
a
15009
835 253 755 197 157 
a
23238
850 585 296 668 129 
a
23701
501 648 233 61 721 
a
45552
199 62 359 915 300 
a
99616
530 149 437 640 920 
a
83522
86 817 817 52 964 
a
53727
276 654 743 809 734 
a
10327
727 647 395 721 360 
a
19859
798 139 788 859 216 
a
97113
383 726 71 785 131 
a
34568
385 93 738 462 573 
a
78261
316 294 602 843 961 
a
21677
612 911 847 265 441 
a
32703
843 376 204 874 826 
a
87671
378 515 6 475 748 
a
48164
559 386 246 165 234 
a
59652
541 619 801 642 271 
a
22395
216 342 278 645 761 
a
28435
643 250 985 500 253 
a
39557
398 402 373 699 469 
a
42881
421 356 239 18 758 
a
90245
511 228 963 576 305 
a
49168
703 949 63 161 124 
a
60300
419 16 365 372 599 
a
19059
615 696 717 685 843 
a
29048
353 677 883 814 932 
a
77232
547 637 856 551 888 
a
48765
616 403 787 326 15 
a
17997
562 405 662 368 471 
a
28889
155 603 55 974 964 
a
45171
223 942 140 637 685 
a
95294
141 685 862 731 692 