69
113 337 856 11 14
562 597 193 25 32
885 462 757 24 23
250 9 858 14 18
583 368 604 12 4
277 551 98 32 36
362 947 698 41 24
641 132 302 23 2
222 829 701 6 37
544 177 456 30 50
457 587 867 31 37
215 954 361 24 7
602 784 548 23 38
995 324 562 43 38
71 27 454 3 7
717 858 728 24 29
696 74 489 28 4
688 827 676 10 6
865 772 634 11 30
861 410 68 20 46
705 54 732 26 50
779 764 428 49 28
281 980 255 10 42
119 82 151 16 20
218 33 422 37 42
585 794 228 35 8
128 656 56 43 28
270 991 490 22 13
727 940 519 41 10
816 29 381 38 48
665 697 796 33 38
693 391 585 45 41
460 649 971 5 30
158 836 795 9 39
503 553 30 48 2
461 219 504 13 28
349 620 439 23 29
582 277 654 24 18
559 804 8 50 19
425 2 211 38 50
815 287 840 32 15
854 460 922 22 18
145 664 798 45 34
435 578 90 42 20
559 527 501 14 11
643 121 543 46 14
311 181 615 17 27
805 775 809 42 37
798 421 599 9 11
510 786 366 37 48
876 52 350 6 48
736 790 230 34 13
87 660 668 42 20
377 5 588 10 45
849 729 635 9 45
876 200 459 25 29
31 260 321 1 32
459 374 912 17 18
555 534 780 8 47
178 958 315 33 14
52 542 304 43 12
957 318 889 22 42
889 216 109 29 42
283 551 189 33 30
454 536 264 49 50
610 333 757 22 29
171 802 585 38 27
681 963 401 50 6
226 106 719 3 8