50
27659 96862 43870 432 718
70856 97482 49053 112 476
22004 64623 32064 317 512
33780 4598 84578 394 215
64649 92624 80442 161 901
83206 97149 25952 542 194
60141 5378 99703 435 841
37162 757 86377 567 647
76146 62215 20267 816 749
35864 54982 56342 771 336
93727 70391 18376 596 634
30583 65070 27640 777 599
71087 97909 96858 788 785
958 83560 46215 239 392
32015 37970 82855 827 337
10532 65801 33276 605 633
28078 5224 5939 2 30
95871 97736 27670 582 85
25040 7647 36999 627 399
46364 49782 57283 539 767
18221 87632 46485 101 221
19350 38641 29557 274 833
14610 74465 54020 700 168
12126 23745 7299 724 334
90062 29237 63100 480 337
60074 94479 92749 716 351
8234 24590 93180 334 916
86782 80017 89314 43 253
12059 75602 4540 117 156
41554 99225 88829 462 33
45189 45530 24646 285 350
42819 88767 62247 907 271
99472 8574 14674 204 474
99807 25486 46061 814 13
44833 64452 11113 26 342
8938 70835 73020 271 747
41803 20237 77939 313 272
52811 38516 3245 174 83
71522 44844 79816 658 951
90451 8729 69135 922 520
47287 42743 39813 923 5
36487 64206 14180 987 342
92245 53901 25251 299 339
63227 69809 59085 258 102
71492 85527 80958 453 531
93627 34319 83962 944 874
86241 91618 17040 762 49
65071 62315 26192 17 536
22775 27174 67204 332 185
0 7 6 5 4