500
2086
4101
7279
5338
7698
3794
1269
1516
6928
8095
6663
3649
4229
5875
7387
9653
2333
3441
8180
9248
7440
6466
9571
7614
7169
5990
4820
2005
4554
9810
8277
4124
7539
2048
2131
9281
5976
6565
1416
5578
7254
8482
6083
8804
7358
241
9453
7787
2437
4233
3444
4964
202
5171
10
9980
8237
2925
1284
6515
3761
7388
179
6931
9007
5710
3427
7411
7754
4288
4445
3521
5355
5003
6920
3486
3103
5378
2437
2523
6633
6914
2646
3367
2385
7851
9580
4614
4275
2625
1640
8040
2315
5403
4617
4443
9497
2986
9998
4116
2753
5075
3125
4816
7070
5241
3278
755
5130
3006
3238
6320
5142
684
1895
2330
2524
1348
1875
6782
2284
7595
4280
2337
3961
1719
6296
8309
9274
5310
191
6112
7415
9892
2492
3630
1524
8955
2000
1310
9676
492
5818
2861
2068
6025
2766
6472
3621
703
6963
7705
2058
8744
1872
4066
3248
9007
8677
9287
7605
481
7710
6424
1014
6055
4858
5555
8089
979
9830
2307
1210
7998
8534
6065
3025
2419
8865
6258
3606
7965
5977
3516
6260
5397
2042
6009
1066
2132
741
5438
1626
3161
2254
7879
8534
321
9877
5110
3177
9013
3662
2072
5167
7654
913
73
7552
1725
2258
2890
2278
6654
3491
564
9697
8700
2570
157
3168
20
8624
2972
5149
7887
4487
3587
2881
918
7282
2889
3107
2833
2449
9907
1287
8998
5199
689
2546
428
2460
2981
1954
8362
6330
4716
287
2286
6024
5312
9591
9044
6453
490
9029
8865
3324
9020
9910
2867
3173
8781
8764
1463
6
2226
9031
7346
9865
3327
1990
9899
3218
9086
7366
27
1014
2814
9206
3703
6137
1540
6495
2281
2797
9649
1024
9721
3919
1297
8238
9681
1077
3549
2395
6732
1278
844
2379
736
4502
8089
2103
9121
9476
4105
426
9731
4822
3546
7546
3101
6069
3164
4797
2349
9555
9412
2696
4757
8261
9200
386
2099
3390
6773
2446
9640
8173
5635
589
2932
2892
8526
9628
2610
8360
7670
3356
3178
1054
9636
1044
1476
9721
7123
1857
4191
4040
9628
1373
5245
6216
2675
9244
594
8780
7668
3413
6009
7737
3805
5320
5521
3281
3490
7358
9114
5472
105
5635
3799
6883
330
3413
3803
3425
3440
189
544
188
9947
5848
7017
8399
1953
7289
7936
9530
6713
2604
7338
8380
1551
9064
794
3058
1368
4447
8922
6235
4887
2584
4194
134
2855
9232
3896
2415
621
8395
3178
8816
7747
2461
3922
8871
2182
5069
8525
8441
200
7825
449
4845
124
1856
1078
4482
6807
6029
7116
6287
2824
4042
9705
1306
8036
8934
6518
1468
1806
5789
9433
1628
2538
6847
9490
2971
8958
587
4476
5050
5867
4409
8547
6920
8872
4145
8193
1908
1146
1731
663
6270
5030
304
8156
4825
429
3644
5569
8194
3078
8871
8301
2168
6111
261
81
8323
6331
5728
5642
8007
1393
2574
4931
8082
9805
900
3522
3988
341
3569
2808
2727
7352
