70
0 -8 -2 18
-6 -5 -1 2
-7 -2 0 13
-9 -4 -4 18
0 -1 -4 8
-3 0 -8 8
-1 -3 -2 2
-8 -7 -2 10
-2 0 -7 8
-9 0 -3 14
-2 -2 -2 1
-4 -9 -4 13
-2 0 -4 14
-3 -5 -7 1
-1 -7 0 15
-1 -7 -3 5
-7 -2 -7 11
0 -9 -2 11
-3 -2 -7 6
-8 -4 -5 15
-6 -7 -9 13
-6 -2 -9 8
-3 0 -5 20
-8 -8 -5 12
0 -4 -1 15
-4 -5 0 17
-1 -9 -2 2
-7 -5 -2 2
-5 -7 -9 9
-7 -2 -2 16
-9 -6 -2 18
-1 -1 -6 11
-5 -4 -6 19
0 -6 -4 19
-4 0 0 20
-3 -5 -4 13
-3 -5 -9 15
-9 -9 -3 16
0 -8 -8 4
-8 -2 -8 1
-6 -8 -6 19
-2 -2 -2 5
-3 -7 -9 4
0 -9 -1 7
-4 0 -8 4
-3 -7 -6 5
-1 -9 -2 13
-9 -2 -8 10
-7 -6 -8 15
-4 -5 -2 11
-9 -3 0 3
-1 0 -7 3
-5 -1 -6 2
-5 -1 -2 8
-8 -3 -2 15
-4 -3 -5 16
-9 0 -1 2
-5 -5 -8 3
-1 -9 -7 17
-6 -3 0 8
-7 -8 -9 12
0 -4 -5 13
-7 -5 -2 12
-5 -7 -2 14
-2 -9 -3 13
-5 -8 -5 12
-9 -9 -2 1
-4 -8 -7 19
-7 -6 -4 4
-2 -4 -6 18