100
9 -9 4 11
7 -4 -1 4
6 4 1 16
-3 -3 -3 1
9 -9 8 14
-6 -7 2 19
3 0 -1 19
4 -8 1 3
-3 -9 -6 1
-8 -6 8 3
9 -2 2 6
-9 -9 6 13
2 6 -1 6
5 4 8 12
8 -2 -1 17
3 4 6 11
-9 -1 8 4
-1 -3 5 18
3 -4 -8 18
-6 8 -3 2
-3 0 1 7
-5 -4 1 4
-4 -8 9 17
9 8 -4 17
-8 -1 -9 17
7 -6 -8 17
-3 -4 -4 1
-1 -7 6 7
-5 -9 -8 3
2 3 0 16
-3 -4 5 9
9 3 -2 20
0 1 -8 5
7 -7 7 18
5 8 1 5
-3 -5 3 12
3 -8 6 6
-6 2 5 2
-9 -8 4 6
3 -3 -8 11
-4 4 -4 19
-2 6 -4 20
-1 -1 9 7
-7 5 -4 3
3 -1 4 5
8 5 -1 18
-2 7 -8 16
-4 -9 -1 7
5 9 -7 8
-3 3 0 12
-8 -1 -9 15
7 6 9 10
-7 5 2 4
-8 -8 -6 19
3 -2 -9 9
1 8 -5 10
3 2 6 16
3 -8 6 6
0 7 3 8
3 -7 -9 8
7 -4 3 18
-8 2 -5 4
8 8 -9 16
6 3 -3 18
4 6 5 15
-1 2 1 13
-9 5 5 4
6 1 0 11
2 6 7 8
4 -3 -6 9
-4 2 3 9
5 -7 3 19
-3 5 5 8
7 2 2 11
4 -9 0 10
-7 3 2 19
-2 3 -8 4
-7 -1 2 4
-8 -7 8 3
-6 -1 2 18
-5 -2 4 19
-4 -3 -8 16
-7 -5 -4 11
-4 6 -9 9
4 5 -2 19
-4 9 8 5
3 2 -1 3
9 0 8 5
-2 -7 7 6
-7 -6 -8 12
7 3 4 18
8 -3 -5 4
-2 -1 8 18
3 -4 -9 1
-8 -8 5 6
0 0 -9 18
-6 3 3 11
-8 -1 5 2
0 -1 2 17
0 -3 -9 17