100
44
12 39 92 13 73 40 37 8 91 79 29 46 51 39 16 16 74 71 90 31 98 25 46 21 14 40 74 75 2 57 73 54 7 99 40 70 10 70 22 40 28 35 21 32 95 67 5 18 96 73 30 77 53 3 95 37 8 65 72 62 41 31 34 36 60 92 8 56 29 8 81 97 44 14 53 1 62 18 94 97 74 74 18 72 88 65 74 5 
14
31 6 3 19 25 65 41 34 62 48 14 28 93 68 93 3 77 29 86 40 4 18 99 58 38 8 6 79 
32
16 45 12 90 12 37 91 45 66 71 77 13 80 84 95 30 47 2 69 44 60 69 34 55 24 11 100 97 92 41 99 32 81 91 15 90 81 65 19 70 35 8 35 68 13 39 66 94 5 47 44 31 75 23 46 20 40 19 20 95 36 91 94 16 
19
31 8 36 37 89 85 63 23 93 29 87 28 81 26 49 67 47 97 98 63 94 82 17 30 75 32 79 27 67 100 98 70 79 37 83 68 23 43 
33
88 66 73 90 32 50 40 48 39 6 22 9 7 11 80 52 36 50 52 23 62 60 92 16 22 51 64 64 100 48 30 94 11 49 29 64 62 20 72 61 2 85 5 4 42 32 85 86 4 36 83 6 73 23 66 34 43 63 4 37 79 53 32 36 49 81 
39
73 14 57 16 48 29 94 85 30 28 22 100 9 73 7 67 53 4 62 97 28 10 30 17 33 14 26 35 41 2 57 48 41 56 95 74 65 45 24 32 100 8 21 95 84 65 27 52 5 49 83 87 30 90 48 4 95 47 46 22 61 74 80 59 91 78 14 90 15 5 27 93 66 63 96 46 67 52 
2
55 46 94 84 
24
24 34 48 9 55 58 33 45 21 49 23 44 80 6 91 74 89 43 2 56 30 70 44 91 42 50 19 64 73 92 4 68 30 11 16 83 93 85 10 44 72 87 79 29 18 36 54 53 
33
89 73 32 99 45 94 31 70 82 35 14 26 84 38 89 20 46 23 63 79 60 16 97 19 90 29 89 21 44 86 52 33 67 36 79 32 54 40 100 53 74 31 1 67 75 6 66 41 68 1 85 81 22 54 48 76 15 31 22 18 25 53 22 89 40 45 
20
20 11 16 57 54 72 44 19 36 84 39 61 12 16 94 71 82 23 68 14 52 62 55 5 81 31 25 12 40 92 43 90 35 98 23 5 18 91 95 75 
25
24 75 5 51 32 50 66 28 44 18 63 2 26 61 13 25 12 86 36 83 88 33 32 27 8 84 82 40 83 34 33 7 88 70 87 44 59 15 81 95 82 77 43 64 74 79 13 10 77 49 
47
17 13 20 25 84 39 95 30 50 32 46 90 21 14 47 28 10 39 95 47 28 93 99 46 37 1 63 93 18 74 33 54 22 25 71 12 35 24 37 35 84 26 4 59 96 21 30 77 31 5 31 22 27 64 44 99 58 20 90 98 65 63 93 39 68 70 84 93 53 64 72 44 96 25 68 72 32 89 97 87 42 57 97 23 71 6 62 81 75 34 26 60 54 39 
49
9 75 13 18 22 65 90 86 45 80 70 93 91 24 68 5 59 10 14 50 83 89 11 12 100 11 98 52 59 45 7 26 25 21 61 23 36 100 41 56 57 98 44 40 39 78 70 70 5 95 92 49 72 67 74 2 73 93 44 64 23 51 57 2 74 27 31 73 20 58 24 43 38 81 84 52 78 7 37 55 22 36 25 70 64 51 92 30 62 41 34 26 57 38 38 30 80 16 
22
32 65 87 18 14 51 68 39 32 65 1 56 53 73 18 32 19 40 60 22 66 56 50 10 66 95 27 39 85 49 15 58 40 60 27 74 72 34 16 97 40 43 90 27 
2
54 48 47 76 
13
56 5 77 53 59 30 62 80 22 82 61 30 76 4 3 90 61 53 29 35 23 62 46 56 93 79 
32
8 42 81 11 45 37 51 34 82 54 73 36 92 70 81 69 28 50 76 16 81 14 3 47 91 50 19 43 97 80 48 83 87 79 94 99 7 12 36 87 1 23 23 58 2 27 9 56 66 23 84 6 21 70 1 72 35 35 53 59 91 34 95 5 
39
83 87 96 40 90 24 12 64 5 66 50 95 64 56 87 72 30 69 81 86 19 89 12 3 57 60 86 32 83 92 30 45 43 6 72 22 77 15 68 71 62 99 48 39 42 8 68 95 35 47 59 98 76 29 82 6 12 30 54 83 35 29 39 44 7 55 93 41 56 48 86 80 29 29 66 17 69 74 
12
14 83 18 18 10 93 58 45 87 87 21 57 15 73 44 84 15 30 45 40 46 90 1 11 
19
59 13 38 86 92 88 73 13 19 49 90 48 92 19 36 9 69 69 35 98 69 42 87 39 83 16 5 12 88 25 96 77 60 18 57 34 52 86 
44
82 14 99 3 90 65 14 1 52 47 65 90 11 68 15 81 67 89 86 88 46 92 100 24 48 41 60 88 65 62 84 85 36 75 61 29 78 27 28 13 17 57 23 53 70 53 79 52 39 85 19 27 64 66 52 19 50 65 95 24 78 23 54 63 89 8 14 49 81 95 23 51 29 4 30 77 29 15 22 18 27 49 97 65 29 73 86 84 
8
52 81 77 34 6 82 69 31 24 63 91 43 67 85 81 74 
6
29 14 70 49 54 46 17 67 58 71 36 8 
42
89 11 11 21 81 93 29 50 38 81 42 22 54 96 31 34 91 24 90 65 37 32 95 91 28 72 25 99 75 52 5 69 8 57 62 38 28 97 90 8 33 68 1 45 62 1 9 1 19 93 34 100 38 76 26 51 42 66 72 95 37 100 86 76 36 51 60 61 80 24 28 69 15 9 13 25 83 44 42 84 37 87 78 1 
33
16 64 6 49 56 36 22 18 24 29 15 99 45 91 97 42 46 13 51 96 34 81 14 37 51 58 92 6 32 88 20 41 16 49 17 64 83 15 88 13 82 76 56 50 20 25 28 86 7 10 39 48 94 42 15 52 76 50 75 56 92 83 56 53 97 20 
43
66 96 98 73 40 7 52 17 93 59 39 75 99 53 44 45 79 5 94 53 38 7 1 59 97 66 49 64 57 33 61 74 96 64 93 43 73 91 93 89 92 78 9 13 70 20 47 3 14 19 86 30 13 43 71 63 69 70 44 37 1 69 33 69 13 58 79 5 5 95 96 92 97 9 48 6 15 91 71 61 85 81 72 71 67 70 
33
21 69 58 28 32 24 13 49 41 59 11 62 99 33 89 32 16 42 54 88 59 22 13 94 93 41 46 30 25 94 48 85 17 9 55 57 60 40 11 55 37 46 22 9 70 100 66 24 14 68 39 47 1 10 54 37 54 36 81 94 20 41 52 47 28 64 
6
47 9 2 79 27 10 46 39 82 99 28 18 
6
87 27 67 70 29 23 85 42 86 3 66 2 
1
32 23 
37
9 34 56 87 6 20 15 3 78 72 5 31 1 27 40 89 12 74 52 39 27 43 90 32 44 18 99 69 14 67 68 77 56 4 52 43 97 100 20 2 44 96 61 2 27 92 12 83 33 61 12 98 40 76 97 65 19 18 82 67 94 36 7 16 81 7 54 57 6 24 42 26 99 55 
35
61 76 43 18 5 20 100 68 28 32 89 33 35 74 15 41 90 69 17 7 75 90 42 96 100 45 46 87 99 75 68 16 34 78 53 48 46 73 57 72 98 43 30 60 61 30 6 89 42 63 39 62 21 69 6 91 65 79 61 48 48 11 19 50 18 29 4 76 98 15 
41
99 72 10 86 25 16 96 98 97 6 25 56 32 5 78 85 35 75 35 60 79 19 22 28 72 29 16 3 64 80 70 40 57 67 96 68 89 19 59 39 98 21 12 46 54 53 9 2 89 24 38 32 1 1 78 76 12 62 72 82 9 84 29 52 60 51 20 84 91 64 37 33 94 16 71 24 95 65 84 42 62 81 
43
95 84 42 56 55 28 81 46 93 33 27 91 60 41 86 42 100 96 86 75 100 76 69 46 51 5 67 53 71 32 98 45 71 17 91 16 82 20 35 15 17 72 69 98 88 38 22 16 9 11 78 30 11 29 13 60 15 9 49 10 32 58 95 19 62 56 92 66 76 13 12 41 46 19 66 89 58 26 36 70 100 52 91 60 67 16 
42
39 72 24 66 52 98 2 72 93 14 15 27 61 46 30 53 29 66 8 78 81 4 29 90 85 99 51 83 98 62 37 47 31 18 44 40 72 35 62 22 95 5 63 61 61 27 41 82 62 10 37 22 70 31 68 86 70 30 65 20 41 67 73 33 30 74 35 29 46 92 68 100 74 27 41 58 69 28 35 23 11 63 73 75 
47
90 69 55 83 33 20 1 67 26 45 42 38 82 7 93 91 42 80 79 23 80 64 11 12 99 3 89 73 50 29 17 48 84 7 70 30 34 14 26 65 73 38 25 56 83 88 12 84 10 53 95 62 37 58 43 22 1 66 38 30 72 17 67 10 85 87 14 82 94 29 55 26 28 15 16 3 92 26 92 28 36 69 59 85 46 13 49 55 19 35 45 15 82 96 
44
28 73 72 93 43 91 97 77 60 17 61 13 26 2 69 92 75 58 46 2 78 21 48 91 76 85 72 58 24 47 36 33 94 33 18 99 24 11 41 94 47 60 46 62 100 2 2 10 72 42 46 92 57 20 37 22 92 95 15 28 46 13 34 41 96 72 51 19 90 61 50 14 20 45 55 74 28 13 33 78 92 62 17 2 96 2 65 57 
8
27 8 51 52 32 75 10 28 98 86 90 2 48 30 36 24 
18
70 72 6 25 69 98 74 66 26 100 65 47 24 93 95 72 20 84 36 58 56 34 91 43 93 23 98 42 62 23 53 51 98 96 74 67 
1
87 34 
5
85 70 63 71 34 2 16 63 27 36 
45
18 62 21 86 95 17 24 37 22 42 89 47 33 55 70 41 25 35 31 64 8 42 32 64 14 52 94 49 62 42 3 61 35 66 42 61 20 36 77 81 69 10 86 6 99 58 64 3 31 83 94 82 19 42 88 79 52 92 82 79 16 40 89 70 71 23 60 6 60 16 21 52 64 77 44 65 76 28 29 95 82 73 5 69 100 8 35 54 85 4 
39
92 99 82 40 64 29 8 66 64 24 34 21 71 24 9 58 96 68 71 77 1 4 70 51 74 14 41 4 88 32 43 76 82 5 78 44 41 60 91 68 66 13 88 87 29 3 58 25 81 85 55 30 79 51 69 34 31 94 82 63 49 65 53 37 56 21 50 47 24 2 27 27 30 59 20 15 27 16 
15
45 91 71 79 85 1 8 28 11 58 65 53 15 77 1 54 41 55 35 63 49 74 6 16 18 55 16 10 13 84 
21
100 53 83 98 3 98 68 1 32 24 48 59 39 17 64 4 79 62 80 83 54 81 69 91 92 25 65 72 10 40 36 79 87 7 5 22 87 19 12 47 84 51 
17
22 67 66 63 67 23 42 61 53 2 73 43 26 12 58 33 43 7 93 31 17 47 14 69 85 84 36 42 43 7 34 100 93 36 
13
67 95 89 9 95 4 48 66 28 36 98 55 22 54 6 78 32 58 71 77 62 49 13 93 28 41 
26
89 83 27 79 42 93 34 15 62 97 91 87 79 63 31 25 4 72 14 20 61 61 75 31 22 40 54 4 28 92 98 79 69 59 94 33 14 12 53 13 51 43 50 76 87 50 22 13 59 34 77 27 
34
25 54 18 81 1 41 80 7 14 74 29 44 96 51 53 15 73 62 9 16 4 65 61 4 70 52 57 45 83 76 25 2 49 95 59 35 19 49 63 9 15 50 21 45 88 3 46 57 15 34 82 5 18 31 8 58 25 16 57 39 42 6 60 54 82 24 10 78 
22
3 58 10 46 1 100 20 29 50 65 4 90 76 95 19 95 1 3 87 96 24 33 29 95 86 68 45 27 32 42 22 68 99 4 39 17 18 46 88 40 39 86 34 20 
44
66 2 96 61 28 74 77 66 51 93 7 36 22 52 28 50 82 54 12 100 47 96 28 88 86 55 56 22 15 70 71 35 15 97 72 68 47 27 46 1 17 7 88 44 39 70 10 60 29 64 58 100 57 63 68 80 93 29 11 73 51 91 12 56 76 100 43 26 50 42 14 30 1 65 83 75 93 50 56 24 29 61 76 69 21 90 85 34 
10
35 37 23 59 45 10 28 82 43 78 14 100 24 11 20 51 84 10 79 32 
23
9 23 14 61 7 77 11 82 57 98 58 60 26 16 51 57 56 56 72 62 55 60 61 97 49 77 94 11 13 94 11 28 49 7 6 34 69 66 63 32 21 2 98 11 82 12 
10
98 9 68 84 12 68 39 25 15 79 4 53 75 12 43 48 25 6 58 2 
2
71 42 72 90 
28
29 10 8 82 93 48 63 31 65 21 50 52 73 53 54 20 78 24 84 49 30 78 64 61 78 14 97 72 24 12 18 73 72 35 2 51 21 89 14 45 51 94 44 60 39 61 47 31 79 41 32 46 92 87 11 53 
10
17 93 85 3 14 85 90 63 17 10 15 58 3 96 1 75 3 45 41 87 
13
95 58 40 22 31 78 96 37 6 48 74 45 25 54 83 71 24 16 25 5 21 81 51 32 82 89 
22
75 78 7 83 51 39 21 84 10 99 72 17 21 88 24 80 4 81 64 4 18 61 74 99 16 40 5 40 24 44 43 84 33 42 22 31 35 40 75 77 20 54 100 11 
20
75 4 98 44 51 55 58 39 45 99 33 99 26 25 96 12 5 94 99 74 98 23 44 17 78 77 41 1 69 95 54 78 32 95 56 23 5 63 39 14 
27
97 96 20 70 77 61 93 80 27 70 86 66 35 62 32 7 65 81 25 31 6 92 43 19 58 68 32 59 57 18 86 34 81 87 33 46 60 37 56 47 31 44 69 11 51 81 27 66 12 90 72 73 18 80 
47
48 3 19 37 80 9 17 8 61 29 92 43 91 93 41 52 47 93 54 56 17 7 94 42 93 34 94 3 20 30 50 28 16 58 15 26 2 74 74 56 47 86 65 71 91 42 33 47 93 91 21 88 71 32 74 87 1 46 13 9 63 86 64 84 48 96 57 88 82 14 42 68 84 12 75 21 87 80 70 45 55 67 100 89 46 12 11 80 34 9 15 26 17 34 
4
77 54 71 82 6 30 71 83 
47
22 61 98 3 74 70 1 63 46 28 82 15 45 98 4 17 24 24 65 67 34 1 39 1 23 34 94 59 71 22 94 66 72 24 9 69 48 49 1 35 71 60 24 92 71 75 81 33 48 27 2 80 14 64 87 61 17 3 11 18 16 38 57 88 39 87 38 20 48 58 71 80 66 11 87 19 99 12 40 71 82 36 21 84 87 34 12 17 70 96 36 24 83 7 
19
20 55 17 31 64 49 63 29 55 82 95 68 58 56 38 26 98 52 37 6 70 14 40 7 64 77 13 59 55 19 1 91 82 36 8 42 91 44 
35
26 58 19 52 66 77 23 22 47 71 10 69 60 22 73 16 44 76 32 86 54 41 98 34 13 65 80 12 61 25 17 36 39 95 13 92 92 44 26 55 8 5 79 90 72 63 50 45 64 63 55 45 33 6 42 50 43 40 83 40 64 42 8 99 98 16 37 96 88 59 
22
89 21 83 38 21 47 92 83 10 29 15 24 49 44 33 25 18 31 16 74 74 15 4 41 50 62 91 96 42 62 90 32 51 43 70 8 95 17 51 14 54 44 57 51 
31
14 52 17 18 14 3 11 20 47 87 69 40 78 4 35 53 13 63 58 11 96 53 30 47 63 4 58 39 56 78 92 61 48 74 94 66 40 33 24 68 95 44 84 72 31 61 38 75 22 86 41 24 59 86 7 54 7 88 73 89 91 60 
22
50 54 67 37 24 12 39 83 59 84 69 96 13 95 27 75 84 30 68 16 35 70 83 84 62 10 42 91 37 56 59 48 39 74 24 19 80 87 94 95 100 70 60 83 
36
96 40 84 5 8 77 67 24 90 57 15 20 8 14 56 17 69 98 96 36 87 53 1 63 49 33 48 24 48 13 99 30 22 8 52 39 62 65 67 9 51 74 35 79 55 25 51 76 87 43 78 35 89 88 35 19 80 68 46 56 51 80 40 33 41 65 26 58 100 60 58 80 
38
52 57 67 52 48 42 21 91 37 72 44 67 49 84 99 61 79 3 39 34 43 95 40 24 94 13 100 89 12 70 28 55 59 68 71 38 93 12 17 80 31 10 32 25 3 2 90 52 57 80 52 84 87 56 84 11 88 54 27 2 58 38 72 41 93 77 22 28 53 100 19 64 58 90 57 17 
5
53 40 97 74 36 28 85 13 91 19 
31
67 81 23 28 25 11 32 9 80 56 20 8 56 37 42 95 30 15 86 92 35 35 92 15 72 62 68 65 66 71 32 19 18 35 88 22 28 19 36 73 20 68 71 24 55 5 68 10 55 86 25 68 7 75 86 39 26 7 65 49 74 97 
19
68 65 88 80 1 5 44 15 65 72 5 34 3 90 88 7 10 59 19 79 22 34 89 81 23 14 16 13 67 30 29 97 87 98 68 100 11 2 
47
56 23 80 58 4 52 8 41 99 59 72 56 13 20 62 65 91 62 42 29 6 88 15 86 67 28 17 8 4 97 26 2 31 87 12 85 66 99 2 35 2 42 27 97 15 65 78 35 7 29 23 41 27 63 22 9 47 87 84 83 97 65 44 93 76 31 97 43 75 92 27 56 41 71 93 28 17 13 39 94 35 85 61 8 11 29 90 49 71 88 57 10 24 7 
46
42 60 14 66 47 33 5 90 54 51 95 39 82 76 97 74 33 39 4 67 79 92 99 95 46 21 53 57 30 65 59 21 30 12 38 16 80 33 46 55 45 27 49 85 82 38 99 47 40 7 29 68 83 27 16 38 52 47 97 23 96 63 59 29 93 48 76 80 3 12 25 23 85 9 61 10 80 84 47 63 88 96 21 62 11 10 36 67 60 98 63 32 
43
12 21 31 76 74 54 92 51 21 96 32 38 63 34 79 61 26 60 14 51 87 20 22 99 40 39 75 74 39 70 27 97 87 89 71 37 89 8 55 47 5 95 15 39 67 34 63 70 95 33 88 62 34 29 53 9 91 54 46 83 12 64 7 9 41 59 17 95 72 15 23 17 87 93 78 31 45 86 58 84 94 47 73 95 78 40 
5
86 50 68 11 77 38 36 11 56 8 
19
35 30 10 11 61 29 58 87 1 29 89 47 19 61 97 25 31 80 19 95 2 55 77 43 32 52 84 74 17 20 55 31 33 31 5 54 37 92 
36
21 75 68 92 76 83 19 65 22 4 52 52 47 47 61 67 38 74 85 84 13 87 70 34 62 47 38 26 59 91 12 73 82 93 90 31 27 31 25 38 21 43 28 68 90 60 79 78 37 24 57 60 25 50 23 4 28 31 70 18 49 96 14 34 10 20 84 37 90 40 91 52 
46
95 70 5 87 4 56 12 39 65 82 46 71 38 42 44 91 62 84 10 12 38 62 55 18 78 69 1 74 96 32 27 6 35 19 41 68 54 4 41 96 69 98 79 85 23 54 58 12 100 36 57 42 84 98 68 72 67 45 69 21 11 100 90 47 11 42 77 98 27 92 54 74 51 98 25 54 69 4 76 60 55 29 29 97 58 77 72 20 10 44 23 42 
46
42 21 2 32 60 27 17 59 11 40 15 77 85 43 31 66 79 24 49 19 42 85 44 76 42 18 14 18 61 12 27 41 92 83 27 59 33 6 67 46 6 69 28 32 19 12 4 85 33 7 95 25 64 46 84 6 21 80 8 17 100 83 80 37 58 77 87 12 31 46 57 97 64 40 48 93 81 23 29 76 25 78 36 81 41 43 94 55 44 2 28 96 
15
70 52 100 21 2 71 33 97 62 2 39 71 87 93 17 94 42 83 29 75 97 19 85 61 31 58 55 1 95 2 
18
1 33 34 73 49 59 33 3 71 81 64 71 74 88 59 89 68 40 96 78 27 91 86 58 48 28 85 54 35 90 16 74 40 59 15 13 
39
2 19 47 42 78 78 95 16 82 32 55 62 41 54 86 35 87 22 30 66 18 40 5 48 72 48 39 37 52 41 7 63 45 65 87 4 63 61 41 71 18 7 11 3 90 22 2 26 77 2 10 56 46 69 90 8 66 20 97 55 40 33 85 72 3 31 41 50 8 54 45 71 35 37 80 29 69 10 
36
67 31 3 23 76 22 31 39 22 33 6 65 90 27 15 3 90 57 41 27 72 52 28 85 60 24 6 53 30 2 5 38 37 49 52 69 69 70 45 100 49 83 60 58 23 74 36 7 2 43 46 17 42 19 17 29 62 56 60 1 6 47 98 81 39 77 75 26 96 75 21 72 
31
13 24 9 29 50 9 36 5 86 75 77 25 42 5 82 87 76 43 85 68 44 24 49 75 38 57 3 62 93 42 87 15 6 6 97 7 40 35 59 25 57 60 3 55 90 18 97 45 85 74 64 46 84 95 92 27 60 4 7 36 48 61 
18
89 84 62 71 47 62 76 92 43 46 32 32 19 11 37 64 26 1 95 25 53 96 52 78 36 67 71 8 75 6 26 19 45 52 91 86 
42
90 99 10 41 56 20 82 2 53 89 11 74 72 76 95 12 39 15 87 6 74 42 78 14 33 60 86 2 47 85 64 16 59 82 61 59 62 25 30 84 71 56 61 54 30 20 82 48 86 38 26 53 4 6 42 96 80 99 58 18 5 53 20 43 3 45 32 27 67 58 93 36 29 50 24 58 39 43 15 22 19 14 29 97 
36
62 99 68 89 50 42 75 45 70 70 43 11 41 69 21 7 54 77 32 11 19 57 80 67 25 29 27 25 6 15 88 84 30 4 13 36 77 37 47 16 31 17 7 23 16 44 57 18 44 42 39 89 70 43 31 8 30 99 38 68 6 45 24 9 31 97 49 49 54 79 25 94 
9
75 48 79 87 47 97 20 92 94 95 79 6 44 98 90 47 71 59 
18
25 100 67 51 34 59 3 27 51 79 26 2 25 94 43 86 62 88 56 83 61 44 96 21 48 45 16 85 13 49 50 92 92 66 45 35 
8
9 59 71 90 47 85 79 24 59 43 17 88 55 93 19 7 
21
9 93 2 23 22 96 3 41 99 36 82 12 60 98 37 46 68 1 38 95 78 49 70 74 26 22 19 46 69 40 96 62 90 80 61 82 79 50 56 67 71 65 
15
26 85 17 37 27 5 56 56 78 99 11 54 15 83 70 10 51 53 76 94 58 70 76 37 92 65 87 93 75 1 
29
24 67 5 96 3 94 99 97 31 67 51 57 100 83 6 61 91 27 33 22 19 97 95 41 89 93 95 36 27 72 49 46 84 58 71 12 100 71 74 2 40 62 70 19 95 22 77 14 44 13 74 45 34 67 81 59 18 23 
26
17 70 24 38 13 64 75 16 71 25 96 87 80 67 40 48 74 15 84 61 47 71 99 100 47 26 83 61 53 83 67 75 85 36 94 74 65 65 46 72 76 77 15 56 74 15 48 42 43 71 19 18 
30
51 50 100 19 1 86 31 48 61 42 86 35 63 48 8 96 96 40 27 47 11 23 91 11 34 73 6 6 45 67 39 8 10 61 15 15 79 1 12 55 38 57 61 7 64 86 71 88 25 21 90 95 30 74 16 79 19 50 11 57 
25
26 17 72 94 42 87 61 60 38 68 86 12 95 5 41 35 3 40 84 68 65 99 91 13 17 26 85 73 100 3 88 85 64 2 34 57 9 62 58 89 25 85 83 80 55 75 49 62 17 94 
19
73 44 60 50 28 69 79 91 29 61 42 2 38 82 13 63 59 35 36 64 50 98 20 79 11 50 54 74 72 68 93 95 95 81 3 38 35 72 