50
21
2 2 1 2 2 3 3 3 1 3 3 3 1 3 2 1 3 1 3 1 2 
25
1 1 3 3 2 1 3 1 2 1 2 3 3 1 1 3 3 3 1 2 1 3 3 1 2 
1
2 
12
1 2 2 2 3 1 1 3 1 1 2 2 
2
2 3 
8
2 1 2 2 2 2 3 2 
7
1 2 2 1 1 2 3 
14
1 2 2 2 3 3 1 2 2 3 1 3 2 1 
5
3 1 3 1 1 
29
3 1 2 3 2 2 3 3 2 1 1 2 3 1 1 3 1 1 2 3 1 3 2 3 2 1 1 2 1 
29
2 1 2 2 2 3 3 2 1 3 2 1 2 1 1 1 2 3 2 1 3 2 2 3 3 2 1 3 2 
15
1 1 3 1 3 1 1 3 3 1 2 2 2 1 2 
3
3 1 2 
19
2 3 3 2 3 2 3 1 2 2 3 1 2 3 2 1 2 2 3 
24
2 2 3 2 3 1 3 3 3 2 3 1 3 2 2 1 3 3 3 1 2 3 3 3 
23
1 2 1 1 3 1 1 1 2 3 3 1 3 1 3 1 1 2 1 1 3 1 2 
11
2 1 2 3 1 2 2 1 3 2 2 
17
1 3 3 3 2 1 3 2 3 3 2 2 2 1 3 3 2 
15
3 3 1 2 2 1 3 3 1 2 1 3 2 1 2 
29
1 1 3 1 2 1 3 3 2 1 2 2 1 3 1 3 2 1 2 1 1 3 2 2 3 1 3 2 2 
9
2 2 3 3 3 1 3 2 3 
12
2 3 1 1 3 2 2 1 3 3 2 1 
25
3 1 1 1 1 3 3 3 1 2 1 1 3 2 3 2 2 2 3 2 3 3 1 3 1 
30
1 3 3 1 1 3 2 1 1 2 3 3 2 3 3 3 2 1 3 1 2 1 3 2 2 3 3 3 3 2 
22
3 2 2 2 2 3 2 2 1 2 1 1 3 2 3 2 3 3 2 3 1 2 
26
2 3 3 2 1 2 3 1 3 1 3 1 2 2 3 2 2 1 2 1 1 3 3 1 2 2 
14
1 3 1 2 2 1 1 2 3 1 3 2 2 2 
22
1 3 1 2 3 2 1 2 3 3 2 3 3 2 2 1 3 3 2 2 1 2 
28
3 2 2 1 2 1 1 3 3 3 2 2 2 3 1 3 1 1 3 1 1 2 2 3 3 3 3 2 
26
3 3 1 1 2 1 2 2 3 1 1 2 2 2 1 1 2 1 2 2 1 2 2 1 3 1 
7
1 3 1 1 3 2 3 
20
1 2 2 2 3 2 2 3 2 2 1 1 1 1 2 3 1 3 3 1 
10
3 1 3 1 2 1 3 2 3 3 
14
1 2 3 2 1 1 3 1 3 1 1 2 2 2 
3
3 1 1 
5
3 3 1 1 1 
26
2 1 3 3 3 3 2 2 3 3 1 2 1 1 3 1 3 3 2 1 3 1 1 3 3 2 
24
1 2 1 2 3 1 1 1 2 1 1 3 3 3 2 1 2 2 1 1 3 3 2 1 
18
1 2 3 2 3 3 1 3 1 1 1 3 2 2 2 3 3 2 
6
2 3 3 3 2 2 
12
3 1 2 3 2 3 1 3 2 3 1 1 
14
3 3 3 2 1 3 1 1 3 2 2 1 2 1 
23
3 2 1 3 3 3 1 2 2 2 1 2 3 3 3 2 2 3 1 3 3 3 3 
13
1 1 2 2 1 2 3 3 1 3 1 2 1 
12
3 2 1 1 1 3 3 2 2 1 2 2 
20
2 3 3 1 1 2 3 1 3 1 3 2 2 3 2 2 2 3 2 1 
28
3 2 2 3 1 3 3 2 3 3 2 1 2 2 2 2 3 3 3 1 3 1 3 1 3 1 3 3 
12
3 3 3 2 3 3 3 3 1 3 3 2 
2
2 3 
7
1 3 1 3 1 3 1 