30
16
1 3 1 3 1 3 1 3 2 3 3 1 3 2 1 2 
30
1 1 2 2 3 1 3 1 2 1 2 3 1 2 2 3 2 2 1 3 3 3 3 3 3 1 3 2 1 2 
30
2 2 2 3 1 1 2 1 1 3 2 1 3 3 3 2 1 3 3 1 3 3 2 3 2 2 1 3 3 2 
28
1 3 3 3 1 3 1 2 2 3 1 1 2 2 1 1 2 3 1 3 2 1 1 2 1 2 3 2 
28
3 1 1 1 3 2 1 1 2 1 1 1 2 3 3 2 2 3 1 3 1 3 1 3 1 2 3 3 
26
1 1 2 1 1 2 3 2 2 3 3 2 3 3 1 1 3 2 3 2 2 3 2 1 1 1 
18
2 2 3 2 3 2 2 2 3 1 1 3 3 2 2 3 1 2 
18
1 1 3 1 1 2 2 1 3 2 2 1 1 3 3 2 2 2 
20
1 3 3 1 1 1 2 2 3 2 1 1 2 2 2 1 3 3 3 1 
29
3 2 2 2 1 3 3 3 2 2 3 1 1 1 2 3 3 1 2 2 3 1 3 3 3 3 2 3 3 
20
1 1 3 1 2 3 1 1 2 2 1 2 1 1 1 3 1 1 3 3 
26
3 1 3 2 2 1 3 2 3 1 2 1 1 1 2 2 3 3 3 1 1 3 2 1 1 2 
22
2 2 3 3 2 2 3 1 3 1 1 2 1 1 3 1 1 3 2 3 3 2 
28
2 3 3 2 3 1 1 3 1 3 1 2 3 2 3 2 2 3 3 2 3 1 1 3 2 2 3 2 
23
1 2 1 1 1 2 2 3 1 2 1 3 3 2 2 3 1 1 1 1 2 2 2 
30
3 1 3 3 2 1 1 2 2 3 3 3 3 3 3 1 2 1 2 1 2 1 3 2 2 1 2 2 2 2 
25
3 2 3 3 1 1 2 1 1 2 1 3 1 1 1 2 3 1 3 3 1 2 3 3 1 
20
2 2 1 1 1 2 2 2 2 1 2 1 3 2 1 1 2 3 3 2 
29
1 2 2 3 3 1 2 3 3 1 1 3 3 3 1 3 3 1 2 2 1 2 3 1 1 2 3 3 2 
24
2 1 2 1 1 1 2 1 1 2 2 2 1 3 3 3 1 2 2 3 3 3 2 1 
18
3 2 1 3 2 2 3 1 3 1 3 2 1 3 3 3 3 1 
17
2 1 2 2 3 3 3 3 2 2 2 2 1 2 3 3 2 
27
3 2 2 3 1 2 2 2 3 3 3 1 2 3 3 3 1 1 1 1 3 1 1 1 3 2 1 
26
2 3 1 3 2 1 3 3 2 2 1 1 3 2 1 3 1 3 1 3 2 3 3 1 2 2 
30
1 2 2 1 2 1 3 2 3 2 3 3 3 3 2 3 1 3 2 2 1 1 2 2 1 3 2 3 1 2 
20
1 1 2 1 3 2 3 3 1 3 1 1 3 2 1 1 1 1 3 3 
19
1 3 2 3 1 3 3 2 2 2 3 2 3 3 1 3 2 2 1 
18
2 2 3 1 3 1 2 1 3 2 2 2 3 3 1 3 1 3 
28
2 1 3 2 1 1 1 2 2 3 3 1 2 2 1 1 3 1 3 3 1 3 3 3 2 3 1 1 
27
2 2 1 1 1 2 2 1 2 1 3 3 2 1 2 1 2 3 3 1 3 1 2 3 2 3 1 