100
26
2 2 1 2 1 1 1 3 2 2 1 3 3 2 1 2 2 2 1 2 2 3 2 3 2 1 
25
1 3 2 1 1 1 3 3 3 3 2 3 3 1 3 1 2 3 2 1 2 1 1 1 1 
26
2 2 3 1 3 1 2 1 1 1 2 3 1 1 3 2 3 3 2 1 1 3 3 1 2 3 
12
2 3 2 2 3 3 1 3 3 2 1 3 
28
1 2 2 1 2 1 2 1 3 3 1 2 1 2 1 2 1 3 1 3 1 3 1 1 1 3 1 2 
25
1 3 2 3 1 3 1 2 3 1 3 1 2 1 1 3 3 1 1 2 3 1 1 1 2 
3
2 2 1 
6
3 3 3 1 3 3 
29
2 2 1 1 1 2 3 1 2 2 3 2 3 2 2 3 1 1 2 2 1 3 1 3 3 1 3 2 2 
5
2 1 3 2 1 
15
2 1 2 2 2 2 1 3 3 2 2 2 2 3 3 
22
1 3 3 1 1 3 1 1 2 1 1 1 3 3 2 2 3 3 1 2 2 2 
1
1 
1
2 
8
2 3 1 1 3 1 2 3 
19
3 2 1 3 3 2 2 3 3 1 1 3 2 1 3 2 3 1 3 
7
3 2 2 2 1 3 1 
15
3 1 3 1 2 3 2 1 1 3 1 2 2 1 1 
16
2 3 3 2 3 2 1 2 1 3 1 1 1 2 1 1 
30
2 1 3 1 3 3 2 3 3 2 2 3 2 3 2 1 1 1 2 2 2 1 2 2 2 3 3 2 1 3 
20
2 1 1 1 1 3 3 2 2 1 2 3 2 1 1 1 3 1 3 2 
17
3 3 2 3 3 1 2 2 3 1 2 2 3 3 3 3 1 
4
1 2 1 3 
7
2 3 1 2 1 3 2 
1
3 
5
2 1 3 1 1 
21
2 2 3 3 1 1 3 1 3 1 2 2 1 1 1 2 2 1 2 2 1 
15
3 2 2 1 3 1 1 1 1 1 2 3 1 3 2 
16
2 1 1 1 3 3 3 3 3 2 3 3 2 2 1 3 
9
2 2 2 2 3 3 2 3 2 
25
1 1 1 3 2 3 3 2 3 3 3 3 3 3 1 3 1 1 2 1 2 3 1 3 1 
26
1 2 3 1 1 3 3 1 3 3 3 1 3 2 2 3 1 2 3 2 1 2 3 3 3 3 
17
1 1 3 2 2 1 2 1 1 3 1 2 2 3 3 1 1 
12
3 1 3 1 2 1 3 2 2 3 1 2 
7
1 1 3 3 1 2 2 
4
2 3 3 2 
17
2 2 1 1 2 3 1 3 1 1 1 2 1 2 1 1 3 
23
3 3 1 2 2 3 1 2 3 1 2 3 2 1 3 3 1 3 3 1 2 3 2 
21
3 2 3 3 1 1 3 3 2 3 1 3 1 2 1 2 1 1 2 1 2 
18
3 2 2 2 2 2 2 3 2 1 1 2 2 3 3 1 1 2 
19
1 2 1 2 2 1 1 1 3 3 1 2 3 1 3 2 1 3 3 
30
1 1 3 1 2 2 3 3 1 3 2 2 2 3 3 3 2 3 2 2 1 1 1 2 2 1 3 1 3 1 
18
3 2 3 2 3 3 1 3 2 1 1 2 2 2 1 2 1 3 
19
1 3 2 2 2 2 3 3 2 3 2 2 1 3 1 3 1 3 1 
8
3 1 3 1 1 1 2 1 
4
3 2 1 1 
15
1 1 1 1 3 2 1 2 2 2 2 3 3 2 3 
8
3 3 3 3 1 2 2 3 
22
3 2 1 2 3 1 2 2 3 2 3 3 3 3 3 3 2 1 2 3 3 2 
22
1 3 3 2 2 2 2 1 3 1 2 2 2 2 3 1 3 1 1 1 2 1 
28
3 1 1 2 1 2 1 3 3 3 2 2 3 2 3 3 1 3 2 3 2 1 1 1 3 1 3 2 
23
2 3 3 1 1 3 3 3 1 1 3 3 2 1 1 1 2 1 1 1 1 2 1 
21
3 1 2 2 2 1 3 2 1 2 1 2 2 1 1 3 1 3 1 3 1 
10
3 2 3 3 1 3 2 3 1 2 
21
3 3 1 1 1 3 2 2 1 1 2 2 1 2 2 3 1 3 3 2 1 
17
1 2 1 1 3 1 1 1 2 1 2 2 3 1 1 2 3 
25
1 2 1 1 1 3 3 1 3 2 1 2 3 1 2 2 1 3 1 2 2 2 3 3 1 
9
3 3 2 1 2 1 3 2 2 
22
1 1 3 1 3 3 2 1 3 2 1 2 1 3 1 3 3 1 1 1 1 2 
9
3 1 1 2 2 3 2 1 3 
8
2 2 2 3 3 2 2 1 
7
1 1 2 3 3 1 2 
30
3 3 1 1 2 3 2 2 3 3 3 1 1 3 2 3 2 2 3 3 1 1 3 1 1 2 3 2 1 3 
12
3 2 2 3 2 3 1 2 2 3 1 3 
11
3 1 2 1 2 2 3 3 2 2 1 
8
1 1 1 2 3 3 3 3 
30
1 3 3 2 1 1 3 1 1 1 3 3 1 1 2 2 3 2 3 2 3 3 2 1 2 1 3 2 3 1 
13
3 2 2 1 3 1 1 3 1 2 3 3 1 
14
1 3 1 3 2 2 2 2 2 3 1 2 1 1 
21
1 3 1 3 1 1 3 3 1 2 3 2 2 2 2 3 3 3 3 3 3 
10
1 3 2 3 1 2 3 2 1 1 
25
1 1 2 3 3 2 3 2 2 1 2 2 2 2 1 2 1 3 2 1 3 3 3 3 2 
21
3 3 2 1 2 1 1 1 2 1 1 3 1 2 1 3 2 3 1 3 3 
29
2 2 1 1 3 1 3 1 3 2 3 3 1 3 1 3 2 3 3 1 1 2 2 3 3 1 3 1 2 
17
1 1 1 2 1 1 2 2 3 1 3 3 2 2 2 1 3 
8
1 1 3 1 2 2 1 2 
15
1 2 2 1 1 3 1 3 2 3 1 1 3 1 1 
8
3 1 3 1 3 3 3 1 
17
1 3 2 2 2 3 2 2 2 3 3 2 3 3 3 3 1 
17
2 3 1 2 1 2 2 2 1 3 3 3 1 3 1 2 2 
11
2 3 2 3 1 3 2 1 2 3 3 
8
2 3 2 3 2 1 2 2 
9
1 2 3 1 1 1 2 2 3 
18
3 3 1 2 3 2 1 2 2 2 2 1 3 2 1 2 3 3 
12
1 3 2 2 2 1 2 1 1 3 3 1 
2
3 3 
15
2 3 3 3 2 2 2 1 3 1 2 1 1 2 3 
23
3 2 1 2 1 1 1 2 1 3 2 3 1 3 1 2 2 2 3 3 1 1 3 
29
3 2 2 1 1 3 3 3 1 2 3 1 3 3 3 1 1 1 3 1 1 2 3 1 1 1 3 2 2 
27
1 2 1 2 2 1 2 1 1 1 1 2 2 1 1 3 2 1 1 2 1 1 3 2 1 2 2 
13
1 1 1 3 3 2 2 2 3 1 3 3 3 
9
2 1 3 2 2 1 3 3 2 
8
1 3 1 1 3 2 1 2 
19
2 1 2 3 2 3 3 3 1 2 2 3 3 1 1 2 3 1 2 
2
1 3 
13
1 1 2 1 3 2 1 3 2 1 3 1 2 
27
2 3 1 3 3 2 2 1 1 1 3 2 2 2 1 1 1 2 2 2 2 2 1 2 3 3 3 
17
3 3 3 1 1 2 2 3 1 3 2 2 2 2 1 1 1 
20
3 3 2 1 3 1 1 3 2 3 1 3 1 3 2 1 1 3 2 2 
5
1 3 2 3 3 